0
0
0
0
0
0
0
0
0
0
0
0
0
0
0
0
0
0
0
0
0
0
0
0
0
0
0
0
0
0
0
0
0
0
0
0
0
0
0
0
0
0
0
0
0
0
0
0
0
0
0
0
0
0
0
0
0
0
0
0
0
0
0
0
0
0
0
0
0
0
0
0
0
0
0
0
0
0
0
0
0
0
0
0
0
0
0
0
0
0
0
0
0
0
0
0
0
0
0
0
0
0
0
0
0
0
0
0
0
0
0
0
0
0
0
0
0
0
0
0
0
0
0
0
0
0
0
0
0
0
0
0
0
0
0
0
0
0
0
0
0
0
0
0
0
0
0
0
0
0
0
0
0
0
0
0
0
0
0
0
0
0
0
0
0
0
0
0
0
0
0
0
0
0
0
0
0
0
0
0
0
0
0
0
0
0
0
0
0
0
0
0
0
0
0
0
0
0
0
0
0
0
0
0
0
0
0
0
0
0
0
0
0
0
0
0
0
0
0
0
0
0
0
0
0
0
0
0
0
0
0
0
0
0
0
0
0
0
0
0
0
0
0
0
0
0
0
0
0
0
0
0
0
0
0
0
0
0
0
0
0
0
0
0
0
0
0
0
0
0
0
0
0
0
0
0
0
0
0
0
0
0
0
0
0
0
0
0
0
0
0
0
0
0
0
0
0
0
0
0
0
0
0
0
0
0
0
0
0
0
0
0
0
0
0
0
0
0
0
0
0
0
0
0
0
0
0
0
0
0
0
0
0
0
0
0
0
0
0
0
0
0
0
0
0
0
0
0
0
0
0
0
0
0
0
0
0
0
0
0
0
0
0
0
0
0
0
0
0
0
0
0
0
0
0
0
0
0
0
0
0
0
0
0
0
0
0
0
0
0
0
0
0
0
0
0
0
0
0
0
0
0
0
0
0
0
0
0
0
0
0
0
0
0
0
0
0
0
0
0
0
0
0
0
0
0
0
0
0
0
0
0
0
0
0
0
0
0
0
0
0
0
0
0
0
0
0
0
0
0
0
0
0
0
0
0
0
0
0
0
0
0
0
0
0
0
0
0
0
0
0
0
0
0
0
0
0
0
0
0
0
0
0
0
0
0
0
0
0
0
0
0
0
0
0
0
0
0
0
0
0
0
0
0
0
0
0
0
0
0
0
0
0
0
0
0
0
0
0
0
0
0
0
0
0
0
0
0
0
0
0
0
0
0
0
0
0
0
0
0
0
0
0
0
0
0
0
0
0
0
0
0
0
0
0
0
0
0
0
0
0
0
0
0
0
0
0
0
0
0
0
0
0
0
0
0
0
0
0
0
0
0
0
0
0
0
0
0
0
0
0
0
0
0
0
0
0
0
0
0
0
0
0
0
0
0
0
0
0
0
0
0
0
0
0
0
0
0
0
0
0
0
0
0
0
0
0
0
0
0
0
0
0
0
0
0
0
0
0
0
0
0
0
0
0
0
0
0
0
0
0
0
0
0
0
0
0
0
0
184.5
279
29.5
23.5
164.5
67.5
18.5
122
60
197.5
24
221
34.5
23
57.5
161
99
0.5
175
3.5
123
1.5
199
111.5
91.5
48
112.5
162.5
52.5
51.5
16.5
223
66.5
2
25
28
133
225.5
195.5
113.5
146
55.5
167
56
207
1.5
299
146.5
163
16.5
150.5
39.5
17.5
183
232
41
284.5
117
1
185.5
102
83.5
104
253.5
14.5
161.5
60.5
262
41
60.5
12.5
34.5
4.5
118
17.5
63.5
143
153
155
208.5
93.5
121
49
42
1.5
108
9.5
192.5
74.5
267.5
66.5
61
32
267.5
117
179
294.5
125.5
259
82.5
138
82.5
67
75.5
73.5
172.5
259.5
39.5
45
25
205.5
69.5
177.5
130
292.5
1.5
263
18.5
2
73
207.5
13
146
121
63
131
51
3.5
299.5
42.5
65
76.5
3
86
101.5
25.5
107.5
1
76
156
34
9
30.5
181.5
117.5
61
161.5
137
59.5
98
19
199.5
118
152.5
121.5
22
166.5
25
121
145
83
84.5
76.5
105.5
42.5
190
39.5
106.5
176.5
1.5
83.5
283
184.5
70.5
4
45
116.5
177
44
2.5
2
172
280.5
46.5
120.5
64.5
51.5
3
1
2
66
3
89
2.5
208.5
3
16.5
48.5
68.5
300
179.5
134.5
176
73
22
141.5
21.5
104
60.5
154.5
35
229
4.5
5
1
32.5
47.5
174
134.5
97
37
84.5
147
44
33
40
151.5
76.5
49.5
14.5
14.5
169.5
47
37.5
188.5
141
2.5
43.5
42
182.5
105
6
137
214.5
177.5
141.5
60.5
300
2
81.5
197.5
132
132.5
1.5
42.5
183.5
134
2.5
85.5
93
2
13.5
71
139
140
42
1
6.5
95.5
85.5
90
277
272
65.5
116
201.5
2
51
262.5
7
181
67
269
28.5
151
231
9
135.5
177.5
188.5
112
55
49.5
7
19
147.5
83
165.5
127
1
30.5
43.5
14
187
111
116
0.5
53.5
56.5
65.5
127
284.5
131.5
19
161.5
22
278
237
5
178
6.5
95
1
130.5
128.5
2
214.5
38
223.5
40
161.5
263
64
8.5
263
270
131.5
15.5
2.5
49.5
80.5
131.5
17.5
73.5
26.5
18.5
58
58.5
298.5
29.5
15.5
278
1.5
84.5
245
126
19
6.5
78
254.5
48
42.5
178
119
16.5
2
98
196
50
231
122.5
2
76
151
203
33
1.5
132
147.5
53
93
291
47
1
3
140.5
145.5
171.5
132
24
86.5
32.5
274.5
4
21
62.5
0.5
48.5
146.5
273.5
109.5
219.5
137.5
61.5
85
217
8.5
5.5
295.5
292
133.5
249
67.5
54.5
37
40.5
122.5
110.5
126.5
55.5
65.5
24
301.5
0.5
278.5
170
80.5
117
54.5
16.5
199.5
82
70.5
16
205
98
250.5
142
31
1.5
281.5
66.5
172
18.5
114
36.5
262
264.5
95
48.5
217.5
2
2
147
101.5
87
4.5
44
51.5
62
1.5
153
171.5
122.5
2
163
279.5
284.5
94
185
194.5
1
17.5
43
139
59.5
57
122.5
62
8
0.5
42
31
128.5
121.5
209.5
51
133.5
13.5
17
132
2
33
2.5
157.5
157.5
2
55
85.5
167
122.5
179.5
7.5
38
48.5
129
247
153
64
3
1.5
85.5
144.5
109.5
125
173.5
1
202
68.5
3.5
135
40.5
86.5
21.5
13
2.5
125
28.5
30
1.5
2
63.5
19.5
104
53.5
174.5
147
30
82.5
128.5
24
129.5
149.5
154.5
1.5
2
125
89
104.5
14
4.5
297
91
53
287.5
37
171.5
164.5
21.5
165
301.5
124.5
131.5
115.5
135.5
2
102.5
178
39.5
55.5
238.5
136.5
73.5
219.5
97
192
65
157.5
2
16
129
29.5
161
4.5
110.5
82
133
36.5
42
150.5
100
156
12
48.5
136.5
191.5
25.5
149
50
154
53
117.5
85
220
0.5
126.5
49
236.5
39.5
166.5
42
139.5
145.5
50.5
35
56.5
136.5
287
52
17.5
20.5
125
1
3.5
36.5
123
11.5
85.5
2
260.5
92
67
51
57
57.5
167
269.5
46
289
8
3.5
31.5
65
175.5
81.5
45.5
2
192.5
230.5
144.5
3
53
20
61
37.5
83
23.5
2.5
1.5
