0
0
0
0
0
0
0
0
0
0
0
0
0
0
0
0
0
0
0
0
0
0
0
0
0
0
0
0
0
0
0
0
0
0
0
0
0
0
0
0
0
0
0
0
0
0
0
0
0
0
0
0
0
0
0
0
0
0
0
0
0
0
0
0
0
0
0
0
0
0
0
0
0
0
0
0
0
0
0
0
0
0
0
0
0
0
0
0
0
0
0
0
0
0
0
0
0
0
0
0
0
0
0
0
0
0
0
0
0
0
0
0
0
0
0
0
0
0
0
0
0
0
0
0
0
0
0
0
0
0
0
0
0
0
0
0
0
0
0
0
0
0
0
0
0
0
0
0
0
0
0
0
0
0
0
0
0
0
0
0
0
0
0
0
0
0
0
0
0
0
0
0
0
0
0
0
0
0
0
0
0
0
0
0
0
0
0
0
0
0
0
0
0
0
0
0
0
0
0
0
0
0
0
0
0
0
0
0
0
0
0
0
0
0
0
0
0
0
0
0
0
0
0
0
0
0
0
0
0
0
0
0
0
0
0
0
0
0
0
0
0
0
0
0
0
0
0
0
0
0
0
0
0
0
0
0
0
0
0
0
0
0
0
0
0
0
0
0
0
0
0
0
0
0
0
0
0
0
0
0
0
0
0
0
0
0
0
0
0
0
0
0
0
0
0
0
0
0
0
0
0
0
0
0
0
0
0
0
0
0
0
0
0
0
0
0
0
0
0
0
0
0
0
0
0
0
0
0
0
0
0
0
0
0
0
0
0
0
0
0
0
0
0
0
0
0
0
0
0
0
0
0
0
0
0
0
0
0
0
0
0
0
0
0
0
0
0
0
0
0
0
0
0
0
0
0
0
0
0
0
0
0
0
0
0
0
0
0
0
0
3
1
133
126
2.5
46
0.5
1
36
1
42.5
6
2
0.5
16
45
1.5
1.5
0.5
46
120.5
1
135.5
2.5
18.5
63
167
1.5
84.5
1
136
27
175.5
203
98.5
2
1.5
17
23
54
117.5
148
2.5
50.5
279
71.5
123
125.5
126
48.5
52
149
4
48
1.5
128
4.5
5
2
163.5
44
111.5
28
270
1
161
46
242
33.5
148.5
1
1
139.5
55.5
7
64.5
59.5
159.5
134.5
151
30
41
2
70.5
1
64.5
89
53
141.5
20.5
19.5
37.5
42.5
181
2
0.5
47.5
228.5
102
26.5
54
56.5
111
68.5
2.5
85.5
179.5
256.5
35
82.5
25.5
231
108
23
84.5
61
147
124
116
245.5
183
40
220.5
51
15.5
56
46
26.5
55.5
124
130
271
186
215
186
226.5
175
128.5
11.5
145
121.5
161
2.5
111
124.5
138.5
48
20.5
280
20.5
2.5
94
12
253.5
47.5
30
3.5
22.5
112.5
279
112.5
249
60
86
170
106
6
65
278
174.5
263
173
59
3
257
263.5
19
130.5
65
146
294.5
40.5
42.5
2.5
95
56.5
54.5
200
115
235.5
171.5
19
3
146.5
23.5
268
65.5
121
19
254
112.5
50.5
6.5
131.5
299.5
189
53
80
36.5
119
103
182.5
184
62
156
300.5
26.5
1
100.5
155.5
142
87
52
94.5
2.5
281
98
56.5
125
93
58
4
17.5
237.5
71.5
0.5
132.5
1
98.5
142
115
65
22.5
111
158.5
120.5
45
51.5
166.5
48
264
58
55.5
263.5
271
149.5
105
82
54.5
62.5
88.5
80
115.5
139
22.5
177
12.5
52
255.5
174.5
84.5
198.5
30
110.5
3
2.5
176.5
118.5
293
122
101
183
123.5
291.5
104.5
133
142.5
262.5
89.5
137.5
1.5
225.5
208
263
300
2
167
82.5
2
10
124
180.5
123.5
126.5
109
168.5
65.5
149
162.5
9
89
113.5
47.5
289
262
211
12.5
171
48
20.5
254
119.5
74
26
205.5
152.5
239
114
29
265.5
111
184.5
176
77.5
2
160.5
162
106
270
89.5
1.5
107.5
142.5
34.5
92
119
4
19.5
250
55
32.5
255
11
123.5
75
27
157
186.5
152.5
33.5
99
52
290
183
58
239.5
149
66
69.5
186
37
182.5
234.5
99
151.5
89.5
18.5
113.5
104.5
56.5
83.5
171.5
75
151.5
77.5
157
32.5
54
60
171.5
