
                                                               BENCHMARK RESULTS
    Function Name        Total Time       Avg Time    Failed(%)       Avg RMSE    Avg Penalty      Avg InlierFrac      Stddev InlierFrac
------------------------------------------------------------------------------------------------------------------------------------------
 Base case 0               769.6517         3.5468          0.0        0.83705         0.4327              0.0118                 0.0569
          T-rex            124.3565         2.7635          0.0        0.67912         0.4279              0.0007                 0.0001
           chef            358.2965         7.1659          0.0        0.78432         0.4304              0.0004                 0.0001
        chicken            109.8635         2.2888          0.0        0.91325         0.4349              0.0177                 0.0650
parasaurolophus            134.6766         2.9928          0.0        0.72122         0.4350              0.0007                 0.0000
          rhino             42.4472         1.4637          0.0        1.22661         0.4370              0.0559                 0.1208
------------------------------------------------------------------------------------------------------------------------------------------
 Dissimilarity 0            37.0426         0.1715          0.5        3.03097         0.5166              0.1736                 0.0915
          T-rex            127.8384         2.8409          0.0        3.09423         0.5280              0.1608                 0.0910
           chef            382.0695         7.6414          0.0        2.95600         0.5007              0.1418                 0.0575
        chicken            114.0810         2.3767          0.0        3.03655         0.5065              0.2087                 0.0808
parasaurolophus            138.6263         3.0806          0.0        2.96201         0.5174              0.1598                 0.0954
          rhino             44.0395         1.5728          3.4        3.16443         0.5423              0.2127                 0.1162
------------------------------------------------------------------------------------------------------------------------------------------
 Geometric 0               237.3756         1.0939          0.0        1.38491         0.4585              0.0552                 0.1049
          T-rex            158.8443         3.5299          0.0        1.33015         0.4619              0.0507                 0.0966
           chef            511.0397        10.2208          0.0        1.07687         0.4520              0.0172                 0.0595
        chicken            145.8635         3.0388          0.0        1.37762         0.4573              0.0545                 0.1051
parasaurolophus            172.8499         3.8411          0.0        1.66960         0.4655              0.0826                 0.1118
          rhino             55.4221         1.9111          0.0        1.57133         0.4555              0.0860                 0.1397
------------------------------------------------------------------------------------------------------------------------------------------
 Both 0                     35.0019         0.1620          0.5        3.06218         0.5187              0.1750                 0.0892
          T-rex            162.1167         3.6026          0.0        3.09575         0.5284              0.1604                 0.0908
           chef            533.5671        10.6713          0.0        2.98255         0.5013              0.1443                 0.0539
        chicken            149.8352         3.1216          0.0        3.07949         0.5090              0.2095                 0.0790
parasaurolophus            176.5525         3.9234          0.0        3.03501         0.5238              0.1632                 0.0900
          rhino             56.9218         2.0329          3.4        3.16445         0.5423              0.2127                 0.1162
------------------------------------------------------------------------------------------------------------------------------------------

                                                               BENCHMARK RESULTS
    Function Name        Total Time       Avg Time    Failed(%)       Avg RMSE    Avg Penalty      Avg InlierFrac      Stddev InlierFrac
------------------------------------------------------------------------------------------------------------------------------------------
 Base case 1               767.2604         3.5358          0.0        0.82035         0.4305              0.0123                 0.0569
          T-rex            124.2522         2.7612          0.0        0.71738         0.4287              0.0007                 0.0000
           chef            356.8146         7.1363          0.0        0.81559         0.4319              0.0032                 0.0201
        chicken            109.3500         2.2781          0.0        0.78360         0.4300              0.0123                 0.0550
parasaurolophus            134.2943         2.9843          0.0        0.81076         0.4309              0.0108                 0.0467
          rhino             42.5380         1.4668          0.0        1.06408         0.4312              0.0479                 0.1162
------------------------------------------------------------------------------------------------------------------------------------------
 Dissimilarity 1            37.0003         0.1705          0.0        3.04520         0.5167              0.1767                 0.0884
          T-rex            127.8706         2.8416          0.0        3.13570         0.5280              0.1618                 0.0891
           chef            380.2020         7.6040          0.0        2.93796         0.4966              0.1516                 0.0471
        chicken            113.7405         2.3696          0.0        2.98966         0.5186              0.1982                 0.0902
parasaurolophus            138.2540         3.0723          0.0        3.06268         0.5155              0.1710                 0.0921
          rhino             44.1717         1.5232          0.0        3.15450         0.5324              0.2167                 0.1090
------------------------------------------------------------------------------------------------------------------------------------------
 Geometric 1               236.2637         1.0888          0.0        1.56612         0.4618              0.0738                 0.1169
          T-rex            158.9560         3.5324          0.0        1.57229         0.4637              0.0771                 0.1157
           chef            508.0642        10.1613          0.0        1.23463         0.4634              0.0218                 0.0605
        chicken            145.0881         3.0227          0.0        1.76532         0.4613              0.0949                 0.1251
parasaurolophus            172.6830         3.8374          0.0        1.61248         0.4600              0.0765                 0.1093
          rhino             55.7004         1.9207          0.0        1.72643         0.4600              0.1191                 0.1525
------------------------------------------------------------------------------------------------------------------------------------------
 Both 1                     34.8205         0.1605          0.0        3.04157         0.5198              0.1754                 0.0898
          T-rex            162.3680         3.6082          0.0        3.14114         0.5318              0.1610                 0.0901
           chef            530.1141        10.6023          0.0        2.93861         0.4967              0.1517                 0.0471
        chicken            149.1832         3.1080          0.0        2.98701         0.5211              0.1982                 0.0901
parasaurolophus            176.4028         3.9201          0.0        3.04182         0.5239              0.1651                 0.0971
          rhino             57.2339         1.9736          0.0        3.15450         0.5324              0.2167                 0.1091
------------------------------------------------------------------------------------------------------------------------------------------


                                                               BENCHMARK RESULTS
    Function Name        Total Time       Avg Time    Failed(%)       Avg RMSE    Avg Penalty      Avg InlierFrac      Stddev InlierFrac
------------------------------------------------------------------------------------------------------------------------------------------
 Base case 2               771.4085         3.5549          0.0        0.78952         0.4301              0.0112                 0.0572
          T-rex            125.0375         2.7786          0.0        0.73265         0.4300              0.0071                 0.0425
           chef            358.4897         7.1698          0.0        0.71523         0.4272              0.0004                 0.0001
        chicken            110.3643         2.2993          0.0        0.68001         0.4259              0.0068                 0.0404
parasaurolophus            135.0488         3.0011          0.0        0.78774         0.4359              0.0007                 0.0000
          rhino             42.4567         1.4640          0.0        1.18987         0.4328              0.0594                 0.1275
------------------------------------------------------------------------------------------------------------------------------------------
 Dissimilarity 2            37.5689         0.1731          0.0        3.02210         0.5144              0.1769                 0.0885
          T-rex            128.5279         2.8562          0.0        2.95769         0.5209              0.1615                 0.0908
           chef            382.4424         7.6488          0.0        2.92616         0.4952              0.1500                 0.0489
        chicken            114.8527         2.3928          0.0        3.06555         0.5224              0.2031                 0.0844
parasaurolophus            139.0270         3.0895          0.0        3.08022         0.5119              0.1768                 0.0872
          rhino             44.1054         1.5209          0.0        3.12534         0.5283              0.2036                 0.1212
------------------------------------------------------------------------------------------------------------------------------------------
 Geometric 2               237.8252         1.0960          0.0        1.46982         0.4583              0.0663                 0.1115
          T-rex            159.6007         3.5467          0.0        1.31603         0.4617              0.0503                 0.1007
           chef            511.3542        10.2271          0.0        1.03609         0.4530              0.0142                 0.0497
        chicken            146.7075         3.0564          0.0        1.65777         0.4542              0.0898                 0.1178
parasaurolophus            173.6165         3.8581          0.0        1.51205         0.4629              0.0626                 0.0984
          rhino             55.4909         1.9135          0.0        2.07968         0.4621              0.1481                 0.1496
------------------------------------------------------------------------------------------------------------------------------------------
 Both 2                     35.4925         0.1636          0.0        3.05305         0.5195              0.1762                 0.0885
          T-rex            162.8543         3.6190          0.0        3.06031         0.5294              0.1616                 0.0888
           chef            534.0275        10.6806          0.0        2.95350         0.4973              0.1509                 0.0464
        chicken            150.9249         3.1443          0.0        3.06526         0.5226              0.2029                 0.0843
parasaurolophus            177.3835         3.9419          0.0        3.09566         0.5146              0.1738                 0.0900
          rhino             57.0618         1.9676          0.0        3.12704         0.5446              0.2018                 0.1226
------------------------------------------------------------------------------------------------------------------------------------------


                                                               BENCHMARK RESULTS
    Function Name        Total Time       Avg Time    Failed(%)       Avg RMSE    Avg Penalty      Avg InlierFrac      Stddev InlierFrac
------------------------------------------------------------------------------------------------------------------------------------------
 Base case 3               767.3664         3.5363          0.0        0.87478         0.4348              0.0145                 0.0602
          T-rex            124.1607         2.7591          0.0        0.79255         0.4321              0.0133                 0.0585
           chef            356.7089         7.1342          0.0        0.77931         0.4327              0.0004                 0.0001
        chicken            109.6082         2.2835          0.0        0.94574         0.4371              0.0154                 0.0569
parasaurolophus            134.5659         2.9904          0.0        0.92598         0.4343              0.0171                 0.0618
          rhino             42.3114         1.4590          0.0        0.97007         0.4398              0.0349                 0.0988
------------------------------------------------------------------------------------------------------------------------------------------
 Dissimilarity 3            36.6482         0.1689          0.0        3.01270         0.5130              0.1757                 0.0904
          T-rex            127.5600         2.8347          0.0        2.94896         0.5187              0.1624                 0.0924
           chef            380.1374         7.6027          0.0        2.92486         0.4959              0.1498                 0.0464
        chicken            113.9347         2.3736          0.0        3.08085         0.5178              0.2027                 0.0852
parasaurolophus            138.4014         3.0756          0.0        3.07560         0.5128              0.1751                 0.0894
          rhino             43.9593         1.5158          0.0        3.05267         0.5262              0.1972                 0.1290
------------------------------------------------------------------------------------------------------------------------------------------
 Geometric 3               236.5119         1.0899          0.0        1.56454         0.4614              0.0651                 0.1082
          T-rex            158.6644         3.5259          0.0        1.38046         0.4601              0.0523                 0.0997
           chef            508.1873        10.1637          0.0        1.36806         0.4621              0.0328                 0.0670
        chicken            145.4535         3.0303          0.0        1.74363         0.4605              0.0880                 0.1188
parasaurolophus            172.8106         3.8402          0.0        1.57465         0.4601              0.0624                 0.1034
          rhino             55.3781         1.9096          0.0        1.87683         0.4656              0.1064                 0.1409
------------------------------------------------------------------------------------------------------------------------------------------
 Both 3                     34.7079         0.1599          0.0        3.03394         0.5161              0.1754                 0.0903
          T-rex            161.8631         3.5970          0.0        3.01885         0.5222              0.1594                 0.0937
           chef            530.4250        10.6085          0.0        2.92513         0.4959              0.1498                 0.0464
        chicken            149.4915         3.1144          0.0        3.07906         0.5193              0.2024                 0.0860
parasaurolophus            176.4574         3.9213          0.0        3.08783         0.5152              0.1739                 0.0904
          rhino             56.9545         1.9639          0.0        3.08665         0.5378              0.2021                 0.1239
------------------------------------------------------------------------------------------------------------------------------------------


                                                               BENCHMARK RESULTS
    Function Name        Total Time       Avg Time    Failed(%)       Avg RMSE    Avg Penalty      Avg InlierFrac      Stddev InlierFrac
------------------------------------------------------------------------------------------------------------------------------------------
 Base case 4               766.3087         3.5314          0.0        0.79767         0.4298              0.0118                 0.0568
          T-rex            123.6955         2.7488          0.0        0.70529         0.4290              0.0061                 0.0360
           chef            355.8982         7.1180          0.0        0.72314         0.4293              0.0004                 0.0000
        chicken            110.0039         2.2917          0.0        0.86694         0.4317              0.0177                 0.0652
parasaurolophus            134.1436         2.9810          0.0        0.76377         0.4257              0.0007                 0.0000
          rhino             42.5562         1.4675          0.0        1.00747         0.4351              0.0475                 0.1152
------------------------------------------------------------------------------------------------------------------------------------------
 Dissimilarity 4            37.3810         0.1731          0.5        3.04896         0.5174              0.1787                 0.0875
          T-rex            127.2310         2.8274          0.0        3.12167         0.5318              0.1658                 0.0870
           chef            379.6951         7.5939          0.0        2.91816         0.4977              0.1494                 0.0515
        chicken            114.3947         2.4339          2.1        3.06416         0.5052              0.2100                 0.0776
parasaurolophus            138.1294         3.0695          0.0        3.08643         0.5199              0.1725                 0.0900
          rhino             44.1954         1.5240          0.0        3.07888         0.5447              0.2078                 0.1191
------------------------------------------------------------------------------------------------------------------------------------------
 Geometric 4               235.9877         1.0875          0.0        1.35555         0.4572              0.0566                 0.1076
          T-rex            158.2855         3.5175          0.0        1.34109         0.4600              0.0509                 0.1012
           chef            507.1477        10.1430          0.0        0.99853         0.4575              0.0129                 0.0425
        chicken            146.2237         3.0463          0.0        1.58734         0.4557              0.0832                 0.1179
parasaurolophus            172.2658         3.8281          0.0        1.22534         0.4549              0.0368                 0.0853
          rhino             55.6998         1.9207          0.0        1.81190         0.4586              0.1271                 0.1527
------------------------------------------------------------------------------------------------------------------------------------------
 Both 4                     35.5141         0.1644          0.5        3.04550         0.5182              0.1786                 0.0878
          T-rex            161.6132         3.5914          0.0        3.12155         0.5318              0.1658                 0.0869
           chef            529.8739        10.5975          0.0        2.91820         0.4977              0.1494                 0.0515
        chicken            150.3271         3.1984          2.1        3.06682         0.5074              0.2104                 0.0768
parasaurolophus            176.0417         3.9120          0.0        3.06687         0.5215              0.1716                 0.0916
          rhino             57.2482         1.9741          0.0        3.07926         0.5447              0.2079                 0.1192
------------------------------------------------------------------------------------------------------------------------------------------


                                                               BENCHMARK RESULTS
    Function Name        Total Time       Avg Time    Failed(%)       Avg RMSE    Avg Penalty      Avg InlierFrac      Stddev InlierFrac
------------------------------------------------------------------------------------------------------------------------------------------
 Base case 5               764.2911         3.5221          0.0        0.86726         0.4332              0.0148                 0.0609
          T-rex            123.8538         2.7523          0.0        1.00826         0.4333              0.0252                 0.0786
           chef            354.9511         7.0990          0.0        0.70477         0.4333              0.0004                 0.0000
        chicken            109.2599         2.2762          0.0        0.94851         0.4354              0.0233                 0.0740
parasaurolophus            133.9530         2.9767          0.0        0.84563         0.4315              0.0126                 0.0551
          rhino             42.2621         1.4573          0.0        0.82766         0.4320              0.0130                 0.0610
------------------------------------------------------------------------------------------------------------------------------------------
 Dissimilarity 5            36.1310         0.1681          0.9        3.01977         0.5131              0.1798                 0.0865
          T-rex            127.2826         2.8285          0.0        3.09189         0.5274              0.1649                 0.0904
           chef            377.8668         7.5573          0.0        2.87685         0.4951              0.1498                 0.0505
        chicken            113.4344         2.4660          4.2        3.03136         0.5075              0.2108                 0.0796
parasaurolophus            137.9413         3.0654          0.0        3.06503         0.5195              0.1735                 0.0841
          rhino             43.8309         1.5114          0.0        3.06562         0.5209              0.2156                 0.1120
------------------------------------------------------------------------------------------------------------------------------------------
 Geometric 5               235.5338         1.0854          0.0        1.47185         0.4594              0.0665                 0.1112
          T-rex            158.3035         3.5179          0.0        1.44103         0.4596              0.0529                 0.1015
           chef            505.3210        10.1064          0.0        1.19726         0.4632              0.0230                 0.0582
        chicken            145.0324         3.0215          0.0        1.68836         0.4618              0.0957                 0.1203
parasaurolophus            172.0044         3.8223          0.0        1.34985         0.4526              0.0629                 0.1048
          rhino             55.2180         1.9041          0.0        1.82405         0.4590              0.1202                 0.1477
------------------------------------------------------------------------------------------------------------------------------------------
 Both 5                     34.5115         0.1605          0.9        3.03160         0.5145              0.1788                 0.0877
          T-rex            161.5344         3.5897          0.0        3.12626         0.5303              0.1645                 0.0911
           chef            527.2852        10.5457          0.0        2.87742         0.4951              0.1499                 0.0505
        chicken            148.9701         3.2385          4.2        3.06566         0.5082              0.2119                 0.0769
parasaurolophus            175.8239         3.9072          0.0        3.04328         0.5213              0.1705                 0.0884
          rhino             56.7223         1.9559          0.0        3.07837         0.5234              0.2112                 0.1164
------------------------------------------------------------------------------------------------------------------------------------------


                                                               BENCHMARK RESULTS
    Function Name        Total Time       Avg Time    Failed(%)       Avg RMSE    Avg Penalty      Avg InlierFrac      Stddev InlierFrac
------------------------------------------------------------------------------------------------------------------------------------------
 Base case 6               766.2980         3.5313          0.0        0.78293         0.4298              0.0074                 0.0438
          T-rex            124.1566         2.7590          0.0        0.70095         0.4270              0.0071                 0.0426
           chef            355.8321         7.1166          0.0        0.67677         0.4289              0.0004                 0.0001
        chicken            109.9308         2.2902          0.0        0.96821         0.4357              0.0178                 0.0655
parasaurolophus            133.9810         2.9774          0.0        0.68179         0.4261              0.0007                 0.0002
          rhino             42.3862         1.4616          0.0        0.94349         0.4318              0.0135                 0.0640
------------------------------------------------------------------------------------------------------------------------------------------
 Dissimilarity 6            36.3143         0.1673          0.0        3.02674         0.5119              0.1798                 0.0868
          T-rex            127.6804         2.8373          0.0        3.05124         0.5196              0.1673                 0.0842
           chef            378.6748         7.5735          0.0        2.93725         0.4964              0.1518                 0.0457
        chicken            114.4360         2.3841          0.0        3.05623         0.5117              0.2051                 0.0875
parasaurolophus            137.8017         3.0623          0.0        3.01437         0.5113              0.1705                 0.0901
          rhino             43.9974         1.5172          0.0        3.11341         0.5279              0.2203                 0.1097
------------------------------------------------------------------------------------------------------------------------------------------
 Geometric 6               235.4967         1.0852          0.0        1.43188         0.4562              0.0643                 0.1106
          T-rex            158.7502         3.5278          0.0        1.51418         0.4569              0.0756                 0.1146
           chef            506.1898        10.1238          0.0        1.22948         0.4599              0.0234                 0.0588
        chicken            146.0323         3.0423          0.0        1.72693         0.4633              0.0958                 0.1242
parasaurolophus            171.7202         3.8160          0.0        1.17926         0.4480              0.0445                 0.0887
          rhino             55.3836         1.9098          0.0        1.55678         0.4501              0.0960                 0.1451
------------------------------------------------------------------------------------------------------------------------------------------
 Both 6                     34.3298         0.1582          0.0        3.05141         0.5148              0.1787                 0.0874
          T-rex            162.1075         3.6024          0.0        3.05950         0.5230              0.1658                 0.0857
           chef            527.8282        10.5566          0.0        2.93868         0.4965              0.1519                 0.0458
        chicken            150.2384         3.1300          0.0        3.05981         0.5121              0.2048                 0.0877
parasaurolophus            175.3413         3.8965          0.0        3.10673         0.5186              0.1693                 0.0910
          rhino             56.8801         1.9614          0.0        3.13345         0.5322              0.2164                 0.1112
------------------------------------------------------------------------------------------------------------------------------------------


                                                               BENCHMARK RESULTS
    Function Name        Total Time       Avg Time    Failed(%)       Avg RMSE    Avg Penalty      Avg InlierFrac      Stddev InlierFrac
------------------------------------------------------------------------------------------------------------------------------------------
 Base case 7               766.4227         3.5319          0.0        0.82057         0.4318              0.0077                 0.0421
          T-rex            123.7153         2.7492          0.0        0.85380         0.4369              0.0121                 0.0533
           chef            355.9602         7.1192          0.0        0.77057         0.4286              0.0004                 0.0001
        chicken            110.3348         2.2986          0.0        0.93562         0.4329              0.0115                 0.0507
parasaurolophus            134.0910         2.9798          0.0        0.73220         0.4323              0.0007                 0.0000
          rhino             42.3102         1.4590          0.0        0.80194         0.4271              0.0183                 0.0652
------------------------------------------------------------------------------------------------------------------------------------------
 Dissimilarity 7            37.0919         0.1709          0.0        2.95299         0.5148              0.1747                 0.0928
          T-rex            127.1361         2.8252          0.0        2.98356         0.5258              0.1587                 0.0957
           chef            379.5296         7.5906          0.0        2.90837         0.5002              0.1436                 0.0572
        chicken            114.8147         2.3920          0.0        3.01913         0.5184              0.1959                 0.0953
parasaurolophus            138.0114         3.0669          0.0        2.92182         0.5104              0.1783                 0.0869
          rhino             44.0008         1.5173          0.0        2.92142         0.5235              0.2123                 0.1166
------------------------------------------------------------------------------------------------------------------------------------------
 Geometric 7               236.5263         1.0900          0.0        1.42512         0.4572              0.0610                 0.1090
          T-rex            158.1937         3.5154          0.0        1.38107         0.4640              0.0498                 0.1001
           chef            507.1000        10.1420          0.0        1.02479         0.4500              0.0146                 0.0489
        chicken            146.8944         3.0603          0.0        1.81944         0.4634              0.1050                 0.1256
parasaurolophus            172.2680         3.8282          0.0        1.50914         0.4613              0.0672                 0.1060
          rhino             55.5519         1.9156          0.0        1.40062         0.4425              0.0759                 0.1349
------------------------------------------------------------------------------------------------------------------------------------------
 Both 7                     34.9535         0.1611          0.0        2.96925         0.5176              0.1745                 0.0926
          T-rex            161.3903         3.5865          0.0        2.94277         0.5272              0.1568                 0.0980
           chef            529.3979        10.5880          0.0        2.91315         0.5006              0.1433                 0.0573
        chicken            151.0540         3.1470          0.0        3.09314         0.5247              0.1991                 0.0895
parasaurolophus            175.9657         3.9103          0.0        2.94934         0.5121              0.1782                 0.0869
          rhino             57.1432         1.9705          0.0        2.93290         0.5290              0.2093                 0.1192
------------------------------------------------------------------------------------------------------------------------------------------


                                                               BENCHMARK RESULTS
    Function Name        Total Time       Avg Time    Failed(%)       Avg RMSE    Avg Penalty      Avg InlierFrac      Stddev InlierFrac
------------------------------------------------------------------------------------------------------------------------------------------
 Base case 8               767.1205         3.5351          0.0        0.79593         0.4321              0.0071                 0.0416
          T-rex            124.0703         2.7571          0.0        0.68642         0.4278              0.0007                 0.0000
           chef            356.4928         7.1299          0.0        0.76637         0.4389              0.0004                 0.0001
        chicken            110.0330         2.2924          0.0        0.90974         0.4296              0.0183                 0.0670
parasaurolophus            134.1427         2.9809          0.0        0.72621         0.4315              0.0007                 0.0000
          rhino             42.3703         1.4610          0.0        0.93664         0.4318              0.0201                 0.0702
------------------------------------------------------------------------------------------------------------------------------------------
 Dissimilarity 8            37.1554         0.1712          0.0        3.02953         0.5148              0.1786                 0.0872
          T-rex            127.5103         2.8336          0.0        3.01597         0.5238              0.1626                 0.0910
           chef            380.3804         7.6076          0.0        2.87812         0.4988              0.1421                 0.0579
        chicken            114.2971         2.3812          0.0        3.07558         0.5115              0.2096                 0.0743
parasaurolophus            138.0445         3.0677          0.0        3.08609         0.5164              0.1767                 0.0872
          rhino             44.0216         1.5180          0.0        3.14763         0.5312              0.2177                 0.1072
------------------------------------------------------------------------------------------------------------------------------------------
 Geometric 8               236.1957         1.0885          0.0        1.44045         0.4607              0.0599                 0.1074
          T-rex            158.4797         3.5218          0.0        1.16036         0.4621              0.0382                 0.0883
           chef            508.0903        10.1618          0.0        1.07934         0.4594              0.0121                 0.0403
        chicken            146.1160         3.0441          0.0        1.79972         0.4611              0.0927                 0.1200
parasaurolophus            172.3445         3.8299          0.0        1.44147         0.4584              0.0612                 0.1019
          rhino             55.4084         1.9106          0.0        1.90142         0.4632              0.1200                 0.1462
------------------------------------------------------------------------------------------------------------------------------------------
 Both 8                     35.0685         0.1616          0.0        3.05324         0.5167              0.1797                 0.0854
          T-rex            161.7139         3.5936          0.0        3.10875         0.5289              0.1657                 0.0861
           chef            530.6399        10.6128          0.0        2.91348         0.4992              0.1442                 0.0545
        chicken            150.1405         3.1279          0.0        3.07625         0.5115              0.2097                 0.0744
parasaurolophus            176.0353         3.9119          0.0        3.06284         0.5176              0.1767                 0.0873
          rhino             56.9674         1.9644          0.0        3.15508         0.5348              0.2175                 0.1073
------------------------------------------------------------------------------------------------------------------------------------------


                                                               BENCHMARK RESULTS
    Function Name        Total Time       Avg Time    Failed(%)       Avg RMSE    Avg Penalty      Avg InlierFrac      Stddev InlierFrac
------------------------------------------------------------------------------------------------------------------------------------------
 Base case 9               768.2887         3.5405          0.0        0.77724         0.4294              0.0110                 0.0534
          T-rex            123.5782         2.7462          0.0        0.72567         0.4353              0.0137                 0.0603
           chef            357.9095         7.1582          0.0        0.79073         0.4291              0.0004                 0.0000
        chicken            109.6524         2.2844          0.0        0.74178         0.4231              0.0099                 0.0443
parasaurolophus            134.5502         2.9900          0.0        0.80631         0.4322              0.0124                 0.0546
          rhino             42.5871         1.4685          0.0        0.84761         0.4271              0.0248                 0.0861
------------------------------------------------------------------------------------------------------------------------------------------
 Dissimilarity 9            36.4350         0.1679          0.0        3.04288         0.5148              0.1786                 0.0866
          T-rex            127.1410         2.8254          0.0        3.00929         0.5181              0.1589                 0.0917
           chef            380.8906         7.6178          0.0        3.01082         0.5012              0.1505                 0.0463
        chicken            114.1224         2.3775          0.0        3.06662         0.5158              0.2082                 0.0784
parasaurolophus            138.3172         3.0737          0.0        3.03041         0.5170              0.1757                 0.0864
          rhino             44.2304         1.5252          0.0        3.13031         0.5282              0.2129                 0.1139
------------------------------------------------------------------------------------------------------------------------------------------
 Geometric 9               236.2315         1.0886          0.0        1.35068         0.4556              0.0518                 0.1010
          T-rex            158.1108         3.5136          0.0        1.10078         0.4596              0.0300                 0.0835
           chef            508.5882        10.1718          0.0        1.28876         0.4562              0.0335                 0.0740
        chicken            145.7336         3.0361          0.0        1.44616         0.4521              0.0702                 0.1113
parasaurolophus            172.7183         3.8382          0.0        1.41370         0.4551              0.0503                 0.0941
          rhino             55.7715         1.9232          0.0        1.58938         0.4547              0.0890                 0.1361
------------------------------------------------------------------------------------------------------------------------------------------
 Both 9                     34.5049         0.1590          0.0        3.06195         0.5163              0.1799                 0.0856
          T-rex            161.4383         3.5875          0.0        3.09302         0.5221              0.1642                 0.0894
           chef            530.4670        10.6093          0.0        3.01105         0.5012              0.1505                 0.0463
        chicken            149.9214         3.1234          0.0        3.06721         0.5179              0.2083                 0.0781
parasaurolophus            176.2427         3.9165          0.0        3.03445         0.5178              0.1766                 0.0851
          rhino             57.3475         1.9775          0.0        3.13548         0.5283              0.2134                 0.1145
------------------------------------------------------------------------------------------------------------------------------------------

