                                                               BENCHMARK RESULTS
    Function Name        Total Time       Avg Time    Failed(%)       Avg RMSE    Avg Penalty      Avg InlierFrac      Stddev InlierFrac
------------------------------------------------------------------------------------------------------------------------------------------
 Base case 0                86.3706         4.3185          0.0        0.98875         0.4248              0.0425                 0.1000
           chef             66.7304         6.6730          0.0        0.62780         0.4150              0.0004                 0.0000
        chicken             19.6383         1.9638          0.0        1.34969         0.4347              0.0847                 0.1282
------------------------------------------------------------------------------------------------------------------------------------------
 Geometric 0                32.9579         1.6479          0.0        1.57602         0.4531              0.0940                 0.1283
           chef             93.9795         9.3980          0.0        1.13915         0.4553              0.0216                 0.0635
        chicken             25.3454         2.5345          0.0        2.01289         0.4510              0.1665                 0.1356
------------------------------------------------------------------------------------------------------------------------------------------
 Geometric2 0               84.4360         4.2218          0.0        0.98875         0.4248              0.0425                 0.1000
           chef            158.9673        15.8967          0.0        0.62780         0.4150              0.0004                 0.0000
        chicken             44.7918         4.4792          0.0        1.34969         0.4347              0.0847                 0.1282
------------------------------------------------------------------------------------------------------------------------------------------
 0.9 Dissimilarity 0         6.9339         0.3467          0.0        2.94241         0.5044              0.1919                 0.0879
           chef            165.0868        16.5087          0.0        2.98437         0.4915              0.1783                 0.0549
        chicken             45.6045         4.5605          0.0        2.90044         0.5173              0.2054                 0.1099
------------------------------------------------------------------------------------------------------------------------------------------
    
